Points and Measurements:
(0.0, 0.0): 4.036274810419152
(0.0, 0.6): 3.5845680242307987
(0.0, 1.2): 2.9944667085570926
(0.0, 1.7999999999999998): 2.416908825113973
(0.0, 2.4): 1.9280504642626766
(0.0, 3.0): 1.5418127677206
(0.6, 0.0): 6.519959548217989
(0.6, 0.6): 5.475900331339295
(0.6, 1.2): 4.224695625721291
(0.6, 1.7999999999999998): 3.1598221119586163
(0.6, 2.4): 2.370936678217901
(0.6, 3.0): 1.8108068525648178
(1.2, 0.0): 12.308615753993903
(1.2, 0.6): 9.221453205794754
(1.2, 1.2): 6.158274708759671
(1.2, 1.7999999999999998): 4.118155519908564
(1.2, 2.4): 2.865542565604338
(1.2, 3.0): 2.082378872158804
(1.7999999999999998, 0.0): 32.73225879540285
(1.7999999999999998, 0.6): 17.540855621120382
(1.7999999999999998, 1.2): 8.919662987118434
(1.7999999999999998, 1.7999999999999998): 5.158118573728837
(1.7999999999999998, 2.4): 3.3213767604621123
(1.7999999999999998, 3.0): 2.3087880995534724
(2.4, 0.0): 254.14662464753667
(2.4, 0.6): 31.576454289396068
(2.4, 1.2): 11.32492447930468
(2.4, 1.7999999999999998): 5.84370309552303
(2.4, 2.4): 3.583701336300538
(2.4, 3.0): 2.4297492744742057
(3.0, 0.0): 103.95007110127986
(3.0, 0.6): 27.109882690522408
(3.0, 1.2): 10.738151319396394
(3.0, 1.7999999999999998): 5.691428035360307
(3.0, 2.4): 3.5277821226900685
(3.0, 3.0): 2.4045034862689736
